      0/99     1.93G      5.31      11.1      2.39      18.8        14       416     0.072     0.196    0.0609     0.105      4.14      1.59      1.64
      1/99     1.99G      4.65      2.09      1.43      8.18        21       416     0.033      0.37    0.0427    0.0607      3.99      1.21      1.31
      2/99     1.99G      4.37       1.8      1.16      7.33        16       416     0.203     0.371     0.205     0.248      3.71      1.01       1.1
      3/99     1.99G      4.09       1.6      1.01       6.7        12       416     0.184     0.555     0.222     0.267      3.27     0.898      1.02
      4/99     1.99G      4.09      1.39     0.935      6.41        15       416     0.136     0.448     0.189     0.198      3.46      0.77     0.895
      5/99     1.99G      3.85      1.31     0.844      6.01        16       416     0.189     0.471     0.239      0.26      3.43     0.726     0.769
      6/99     1.99G      3.72       1.2     0.762      5.68        23       416     0.222     0.497     0.362     0.298      3.71     0.678     0.686
      7/99     1.99G      3.65      1.09     0.716      5.46        14       416     0.222     0.459     0.283     0.297      3.32     0.656     0.633
      8/99     1.99G      3.21      1.08     0.692      4.99        15       416     0.258     0.635     0.374      0.36      3.08     0.655      0.59
      9/99     1.99G      3.32      1.05      0.61      4.99        19       416     0.421       0.8     0.517     0.551      3.07     0.619     0.566
     10/99     1.99G      3.03     0.939     0.645      4.61        15       416     0.458      0.81     0.642     0.585      3.08     0.604     0.539
     11/99     1.99G      3.09     0.948     0.581      4.62        16       416     0.555     0.867     0.825     0.676      2.76     0.592     0.514
     12/99     1.99G      2.89     0.868     0.605      4.36        13       416     0.548       0.8     0.737      0.65      2.68     0.558     0.487
     13/99     1.99G      2.83     0.869     0.553      4.26        10       416      0.65     0.867     0.885     0.743      3.01     0.535     0.483
     14/99     1.99G      2.75     0.866     0.529      4.15        14       416     0.685     0.867     0.861     0.764      2.66     0.534     0.455
     15/99     1.99G      2.77      0.85     0.463      4.09        19       416     0.719     0.867     0.898     0.785      2.48     0.558     0.436
     16/99     1.99G      2.53     0.849     0.497      3.87        15       416     0.742     0.867     0.905     0.798      2.25     0.575     0.396
     17/99     1.99G       2.4     0.842     0.445      3.69        12       416     0.816     0.867     0.862      0.84      2.49     0.526     0.366
     18/99     1.99G      2.49     0.852     0.417      3.76        15       416     0.941     0.896     0.905     0.916      2.65     0.495     0.349
     19/99     1.99G      2.39     0.805     0.406       3.6        14       416     0.947     0.926     0.927     0.936      2.15     0.534     0.357
     20/99     1.99G      2.33     0.822     0.326      3.48        19       416     0.828     0.933      0.94     0.876      2.22     0.505     0.346
     21/99     1.99G      2.17     0.847     0.317      3.33        16       416     0.768     0.933     0.941      0.84       2.3      0.52     0.304
     22/99     1.99G      2.41     0.843     0.321      3.57        20       416     0.859       0.9     0.922     0.879      2.31     0.502     0.222
     23/99     1.99G       2.3     0.768     0.214      3.28        12       416     0.844       0.9     0.936     0.871      2.13     0.522     0.181
     24/99     1.99G      2.32      0.73      0.23      3.28        16       416     0.861       0.9     0.932      0.88      2.07     0.542     0.174
     25/99     1.99G      2.24     0.823     0.234       3.3        14       416     0.877     0.933     0.937     0.904      2.15     0.511     0.173
     26/99     1.99G      2.23     0.834     0.211      3.28        16       416      0.89     0.933     0.937     0.911         2     0.515     0.142
     27/99     1.99G      2.19     0.833     0.159      3.18        15       416     0.882     0.933     0.939     0.907      2.06     0.522     0.127
     28/99     1.99G       2.2     0.766     0.135       3.1        13       416     0.867     0.933     0.941     0.898      2.07     0.534     0.109
     29/99     1.99G      2.16     0.833     0.151      3.15        13       416     0.842     0.933      0.94     0.884      2.16     0.517     0.103
     30/99     1.99G      2.14     0.764      0.16      3.07        15       416     0.873     0.933     0.944     0.902      2.12     0.526     0.088
     31/99     1.99G      2.09     0.771     0.139         3        15       416     0.882     0.933     0.925     0.907      2.19     0.526     0.091
     32/99     1.99G      2.03     0.748     0.137      2.92        14       416     0.851     0.933     0.944      0.89         2     0.522    0.0832
     33/99     1.99G      2.09     0.699     0.136      2.93        13       416     0.922     0.933     0.928     0.927      2.05     0.515    0.0825
     34/99     1.99G      1.99     0.754     0.138      2.88        11       416     0.944     0.967     0.965     0.955      2.07       0.5    0.0752
     35/99     1.99G         2     0.748     0.113      2.86        19       416     0.938     0.967     0.965     0.952      2.01     0.506    0.0647
     36/99     1.99G      1.95     0.767     0.135      2.85        11       416     0.917     0.967     0.965     0.941      1.99     0.505    0.0531
     37/99     1.99G      1.95     0.772     0.137      2.86        17       416     0.934     0.967     0.963      0.95      1.95     0.512    0.0499
     38/99     1.99G      1.96     0.685      0.11      2.75        12       416     0.882     0.967     0.965     0.922         2       0.5    0.0492
     39/99     1.99G      1.99     0.712     0.108      2.81        13       416     0.923     0.967     0.965     0.944      1.98     0.517     0.049
     40/99     1.99G      1.93      0.74     0.127       2.8        16       416      0.96         1     0.995     0.979      1.92     0.527    0.0462
     41/99     1.99G      1.88      0.73     0.153      2.77        12       416      0.92     0.933     0.938     0.926       1.8     0.503    0.0408
     42/99     1.99G      1.83     0.691    0.0974      2.62        12       416     0.949     0.967     0.965     0.958      1.99     0.478    0.0439
     43/99     1.99G      1.92     0.752    0.0903      2.76        19       416     0.924     0.967     0.963     0.945      1.86     0.516    0.0447
     44/99     1.99G      1.81     0.746    0.0605      2.62        17       416     0.925     0.967     0.958     0.945      1.92     0.516     0.042
     45/99     1.99G      1.82     0.703     0.103      2.63        14       416     0.934     0.967     0.958      0.95      1.98     0.553    0.0337
     46/99     1.99G      1.92     0.716    0.0716      2.71        14       416     0.935     0.967      0.96      0.95      1.94     0.522    0.0309
     47/99     1.99G      1.87     0.676    0.0788      2.62        12       416     0.923     0.967     0.958     0.944      1.86     0.509    0.0291
     48/99     1.99G       1.9     0.725    0.0874      2.71        12       416     0.903     0.933     0.916     0.918      1.82     0.508    0.0284
     49/99     1.99G      1.79     0.734    0.0732       2.6        14       416     0.906     0.933     0.918     0.919      1.81     0.529    0.0302
     50/99     1.99G      1.87     0.713    0.0842      2.66        15       416     0.937     0.967      0.96     0.952      1.77     0.553    0.0321
     51/99     1.99G      1.75     0.729    0.0818      2.56        17       416     0.937     0.967      0.96     0.952      1.85     0.504    0.0292
     52/99     1.99G      1.83      0.69    0.0653      2.58        11       416     0.937     0.967     0.963     0.951      1.78     0.491    0.0271
     53/99     1.99G      1.81     0.649    0.0769      2.53        10       416     0.908     0.933      0.92      0.92      1.82     0.521    0.0278
     54/99     1.99G      1.77     0.691    0.0817      2.54        13       416     0.937     0.967     0.966     0.951      1.82     0.538    0.0288
     55/99     1.99G      1.75     0.727    0.0586      2.54        16       416     0.905     0.933     0.919     0.919      1.78      0.52    0.0281
     56/99     1.99G      1.81     0.671    0.0706      2.56        10       416     0.906     0.933     0.915      0.92      1.79     0.485    0.0292
     57/99     1.99G      1.64     0.691    0.0741      2.41        15       416     0.873       0.9     0.862     0.886      1.95     0.498     0.026
     58/99     1.99G      1.78     0.705    0.0823      2.57        14       416     0.906     0.933     0.935      0.92      1.76     0.501    0.0237
     59/99     1.99G      1.68     0.661    0.0537      2.39        12       416     0.907     0.933     0.919      0.92      1.78     0.522    0.0215
     60/99     1.99G      1.72     0.695    0.0828       2.5        15       416     0.907     0.933     0.918      0.92      1.84     0.515    0.0216
     61/99     1.99G      1.76      0.69    0.0582      2.51        13       416     0.906     0.933     0.916     0.919      1.75     0.519    0.0213
     62/99     1.99G       1.7     0.644    0.0402      2.39        18       416     0.937     0.967      0.96     0.951      1.96     0.503    0.0218
     63/99     1.99G      1.76      0.74    0.0739      2.57        20       416     0.937     0.967     0.965     0.952      1.75     0.519     0.021
     64/99     1.99G      1.74     0.697    0.0778      2.51        12       416     0.974         1     0.995     0.987      1.72      0.54    0.0187
     65/99     1.99G      1.77     0.714    0.0531      2.54        17       416     0.968         1     0.995     0.984      1.75     0.541    0.0176
     66/99     1.99G      1.68      0.66    0.0509      2.39        19       416     0.964         1     0.995     0.982      1.77     0.544    0.0163
     67/99     1.99G      1.76     0.654    0.0451      2.45        15       416     0.967         1     0.995     0.983      1.77     0.526    0.0155
     68/99     1.99G      1.64     0.688    0.0601      2.39        16       416     0.931     0.967     0.964     0.948      1.72     0.516    0.0152
     69/99     1.99G      1.74     0.689    0.0351      2.47        18       416     0.931     0.967      0.96     0.948      1.78     0.499     0.015
     70/99     1.99G      1.63      0.67     0.038      2.34        15       416     0.935     0.967     0.965     0.951      1.72     0.509    0.0144
     71/99     1.99G      1.68     0.677    0.0594      2.42        17       416     0.938     0.967      0.96     0.952      1.77     0.514    0.0147
     72/99     1.99G      1.66     0.668    0.0568      2.38        12       416     0.943     0.967      0.96     0.955      1.77     0.511    0.0143
     73/99     1.99G      1.66     0.642    0.0515      2.35        14       416     0.945     0.967     0.966     0.956       1.7     0.511    0.0129
     74/99     1.99G      1.57     0.631    0.0321      2.24        12       416     0.915     0.924     0.919      0.92      1.76     0.504    0.0121
     75/99     1.99G      1.59      0.67    0.0495      2.31        15       416     0.949     0.955     0.966     0.952      1.75     0.504    0.0118
     76/99     1.99G       1.6      0.62    0.0639      2.29        10       416     0.949     0.967     0.966     0.958      1.71     0.505    0.0115
     77/99     1.99G      1.68     0.665    0.0513      2.39        21       416     0.946     0.967     0.966     0.956      1.76     0.503    0.0115
     78/99     1.99G      1.51     0.622    0.0438      2.18        18       416     0.947     0.967     0.964     0.957      1.69     0.517    0.0113
     79/99     1.99G      1.57     0.609    0.0525      2.23        14       416     0.946     0.967     0.964     0.956      1.69     0.529    0.0119
     80/99     1.99G      1.61     0.654    0.0765      2.34        14       416     0.942     0.967     0.958     0.954      1.71     0.536    0.0114
     81/99     1.99G      1.64     0.633    0.0351      2.31        26       416      0.94     0.967     0.964     0.953      1.64     0.526    0.0108
     82/99     1.99G       1.6     0.641    0.0519       2.3        13       416     0.941     0.967     0.964     0.954      1.66     0.518    0.0103
     83/99     1.99G      1.63     0.675    0.0285      2.34        14       416     0.941     0.967     0.964     0.954      1.68     0.508    0.0102
     84/99     1.99G      1.54     0.646    0.0442      2.23        16       416      0.94     0.967     0.964     0.953      1.74     0.504   0.00973
     85/99     1.99G      1.57     0.644    0.0539      2.26        17       416     0.907     0.933     0.927      0.92      1.65     0.502    0.0094
     86/99     1.99G      1.56      0.67     0.033      2.27        17       416     0.938     0.967     0.958     0.952      1.67     0.498   0.00951
     87/99     1.99G      1.58     0.646    0.0335      2.26        14       416     0.938     0.967     0.965     0.952      1.65     0.502   0.00936
     88/99     1.99G      1.58     0.642    0.0329      2.26        15       416     0.936     0.967     0.965     0.951      1.66     0.502   0.00938
     89/99     1.99G      1.59     0.626     0.034      2.25        18       416     0.936     0.967     0.965     0.951      1.67       0.5   0.00959
     90/99     1.99G      1.54     0.648    0.0384      2.23        13       416     0.934     0.967     0.965      0.95      1.64     0.494   0.00972
     91/99     1.99G      1.54     0.625    0.0487      2.22        13       416     0.932     0.967     0.965     0.949      1.67     0.496      0.01
     92/99     1.99G      1.62     0.648     0.028       2.3        12       416     0.932     0.967     0.965     0.949      1.67     0.499    0.0101
     93/99     1.99G      1.51     0.617    0.0356      2.16        15       416     0.929     0.967     0.965     0.948      1.73     0.497   0.00985
     94/99     1.99G      1.55     0.631    0.0363      2.21        16       416     0.929     0.967     0.965     0.947      1.69     0.502   0.00951
     95/99     1.99G      1.63     0.638    0.0213      2.29        14       416     0.931     0.967     0.965     0.948      1.65     0.503   0.00939
     96/99     1.99G       1.6     0.653    0.0435       2.3        16       416      0.93     0.967     0.965     0.948      1.67     0.497   0.00937
     97/99     1.99G       1.6     0.663    0.0327       2.3        14       416     0.931     0.967     0.966     0.948      1.67     0.495   0.00937
     98/99     1.99G      1.63      0.65    0.0249       2.3        11       416     0.931     0.967     0.966     0.948      1.69     0.494   0.00936
     99/99     1.99G       1.6     0.605    0.0398      2.25        12       416     0.929     0.967     0.965     0.947      1.68     0.497   0.00922
